================================================================================
NDCG@10 分析结果 - 共 91 个实验
================================================================================

统计结果:
     l2        epoch         lr        平均NDCG@10     样本数   所有值                                     
---------------------------------------------------------------------------------------------------
    1e-7         10         1e-7        0.3154        1    0.3154                                  
    3e-7         50         3e-6        0.1184        1    0.1184                                  
    1e-7         30         3e-7        0.3705        1    0.3705                                  
    6e-7         10         3e-7        0.3713        1    0.3713                                  
    1e-6         10         6e-6        0.1797        1    0.1797                                  
    3e-7         30         6e-7        0.3679        1    0.3679                                  
    3e-6         30         6e-7        0.3599        1    0.3599                                  
    3e-6         30         6e-6        0.0849        1    0.0849                                  
    6e-7         10         3e-6        0.2951        1    0.2951                                  
    6e-6         10         6e-6        0.2807        1    0.2807                                  
    3e-7         10         3e-7        0.3663        1    0.3663                                  
    3e-7         10         1e-5        0.1784        1    0.1784                                  
    6e-7         30         3e-7        0.3522        1    0.3522                                  
    6e-6         10         3e-6        0.3215        1    0.3215                                  
    6e-7         30         3e-6        0.1882        1    0.1882                                  
    1e-6         30         3e-6        0.1675        1    0.1675                                  
     0           30         3e-7        0.3316        1    0.3316                                  
    3e-6         30         1e-7        0.3652        1    0.3652                                  
    3e-7         30         3e-6         0.197        1    0.197                                   
    6e-6         30         3e-7        0.3487        1    0.3487                                  
    6e-7         10         1e-6        0.3162        1    0.3162                                  
     0           30         1e-7        0.3676        1    0.3676                                  
    3e-7         10         3e-6        0.2768        1    0.2768                                  
    3e-7         30         1e-5        0.0386        1    0.0386                                  
     0           10         1e-5        0.1443        1    0.1443                                  
     0           50         3e-6        0.1179        1    0.1179                                  
     0           10         1e-7        0.3726        1    0.3726                                  
    3e-6         10         6e-6        0.2709        1    0.2709                                  
    6e-7         10         6e-6        0.2773        1    0.2773                                  
    3e-6         10         1e-5         0.182        1    0.182                                   
     0           30         6e-7        0.3184        1    0.3184                                  
    3e-6         30         3e-6        0.1864        1    0.1864                                  
    3e-7         30         1e-7        0.3161        1    0.3161                                  
    1e-7         10         3e-7         0.388        1    0.388                                   
     0           50         1e-6        0.2793        1    0.2793                                  
     0           30         1e-6        0.3237        1    0.3237                                  
     0           10         6e-6        0.2187        1    0.2187                                  
    6e-6         10         1e-7        0.3571        1    0.3571                                  
     0           10         6e-7        0.3678        1    0.3678                                  
     0           10         3e-6        0.2729        1    0.2729                                  
    6e-7         10         6e-7        0.3397        1    0.3397                                  
    3e-7         10         1e-7        0.3667        1    0.3667                                  
    3e-6         50         3e-6         0.13         1    0.13                                    
    1e-7         10         6e-7        0.3463        1    0.3463                                  
    6e-6         10         1e-6        0.3263        1    0.3263                                  
    1e-6         10         1e-6        0.3409        1    0.3409                                  
    6e-6         10         6e-7        0.3888        1    0.3888                                  
    1e-6         10         6e-7        0.3813        1    0.3813                                  
    1e-7         10         6e-6        0.2815        1    0.2815                                  
    3e-6         30         1e-5        0.0532        1    0.0532                                  
    1e-7         10         1e-5        0.2038        1    0.2038                                  
    1e-7         50         1e-7        0.3448        1    0.3448                                  
    6e-6         30         6e-6        0.1064        1    0.1064                                  
    6e-6         30         3e-6        0.2107        1    0.2107                                  
    6e-6         30         1e-5        0.0361        1    0.0361                                  
    6e-6         30         6e-7        0.3408        1    0.3408                                  
    3e-6         30         3e-7         0.342        1    0.342                                   
    1e-7         50         1e-6        0.3065        1    0.3065                                  
    1e-6         10         3e-6        0.3224        1    0.3224                                  
    3e-6         10         1e-6        0.3571        1    0.3571                                  
    1e-6         30         1e-5        0.0766        1    0.0766                                  
    1e-6         30         3e-7        0.3189        1    0.3189                                  
    1e-7         10         3e-6        0.3172        1    0.3172                                  
     0           30         6e-6        0.0695        1    0.0695                                  
    1e-7         50         3e-6        0.1469        1    0.1469                                  
    6e-6         50         3e-6        0.1445        1    0.1445                                  
    6e-6         30         1e-7         0.336        1    0.336                                   
    6e-6         30         1e-6        0.3133        1    0.3133                                  
    3e-7         30         3e-7        0.3273        1    0.3273                                  
    3e-6         10         3e-6        0.3186        1    0.3186                                  
    3e-6         10         6e-7         0.352        1    0.352                                   
    1e-7         30         1e-5        0.0163        1    0.0163                                  
    6e-7         10         1e-7        0.3807        1    0.3807                                  
    3e-7         30         6e-6         0.115        1    0.115                                   
    1e-7         30         6e-6        0.1158        1    0.1158                                  
    3e-7         10         6e-7          0.3         1    0.3                                     
    1e-6         30         6e-6        0.0702        1    0.0702                                  
    3e-7         10         1e-6        0.3349        1    0.3349                                  
    1e-7         30         1e-7        0.3411        1    0.3411                                  
     0           30         3e-6        0.2208        1    0.2208                                  
     0           10         1e-6         0.361        1    0.361                                   
     0           10         3e-7        0.3724        1    0.3724                                  
    1e-7         30         3e-6        0.1682        1    0.1682                                  
    6e-7         30         6e-6        0.0645        1    0.0645                                  
     0           30         1e-5        0.0367        1    0.0367                                  
    6e-6         10         1e-5         0.171        1    0.171                                   
    3e-7         10         6e-6        0.2622        1    0.2622                                  
    6e-7         30         1e-5        0.0391        1    0.0391                                  
    1e-7         10         1e-6         0.329        1    0.329                                   
    6e-7         10         1e-5        0.1937        1    0.1937                                  
    1e-7         30         6e-7        0.2858        1    0.2858                                  

最佳参数配置: l2=6e-6, epoch=10, lr=6e-7, 平均NDCG@10=0.3888 (样本数: 1)

============================================================
按l2分组的最佳其他参数值:
     l2        epoch         lr        最高NDCG@10   
---------------------------------------------------
     0           10         1e-7        0.3726     
    1e-7         10         3e-7         0.388     
    3e-7         30         6e-7        0.3679     
    6e-7         10         1e-7        0.3807     
    1e-6         10         6e-7        0.3813     
    3e-6         30         1e-7        0.3652     
    6e-6         10         6e-7        0.3888     

============================================================
按epoch分组的最佳其他参数值:
   epoch         l2          lr        最高NDCG@10   
---------------------------------------------------
     10         6e-6        6e-7        0.3888     
     30         1e-7        3e-7        0.3705     
     50         1e-7        1e-7        0.3448     

============================================================
按lr分组的最佳其他参数值:
     lr          l2        epoch       最高NDCG@10   
---------------------------------------------------
    1e-7        6e-7         10         0.3807     
    3e-7        1e-7         10          0.388     
    6e-7        6e-6         10         0.3888     
    1e-6         0           10          0.361     
    3e-6        1e-6         10         0.3224     
    6e-6        1e-7         10         0.2815     
    1e-5        1e-7         10         0.2038     